99741
9947
9937
99229
98939
98120
96771
96769
96530
96207
96009
95917
95570
94670
94011
93530
93299
93201
92909
92689
92260
90867
90657
90091
9007
89997
8991
89557
89407
88850
88719
88670
88487
88337
88187
88029
87680
87310
87029
86869
84877
846653
84649
845407
845172
84499
844834
844752
844424
844357
844324
844237
844228
844176
843942
843913
843869
843401
842936
842880
842771
842393
842111
842088
841493
841344
840988
840892
840638
84011
839743
8397
839462
839454
839376
839027
83901
838992
838354
838333
837848
837768
837725
837667
837201
836446
835991
835411
834582
834406
834292
834087
834021
833663
833644
833569
833557
833148
833083
833076
833049
832820
83270
832552
832192
832167
832097
83150
831477
831211
831104
831004
830979
830823
830660
830102
83010
829962
829959
829953
829893
829691
829665
829603
829504
829467
829367
829310
829209
829163
829146
829125
828993
828954
828811
828484
828462
828378
828371
828262
828098
828051
827893
827546
827246
827210
827021
826927
826615
826599
826450
826402
826089
826086
825921
825837
825644
825604
825593
82559
825218
825177
82507
824676
824602
823865
823799
823745
823714
823339
823306
823077
822975
822753
822635
822450
822415
822237
822041
821855
821810
821801
821445
821198
821169
820721
820505
820473
820456
820414
820373
820358
820196
820112
820062
819987
819851
819695
819280
819182
819181
819180
819179
819177
819085
818899
818775
818526
818449
818297
818262
818158
818062
818057
817957
817906
817815
817795
817688
817479
817478
817402
817293
817172
817068
816969
816962
816837
816828
816801
816732
816652
816643
816563
816538
816516
816430
815284
815232
815060
815009
814974
814645
814594
814375
814351
814340
814127
814040
813855
813835
813811
813737
813477
813445
813117
813082
813055
812773
812723
812592
812531
812465
812286
812186
811943
811877
811736
811486
811402
811333
811118
811026
810982
810964
810857
810791
810704
810545
810288
810185
810141
809911
809816
809790
809763
809645
809621
809427
809362
809351
809297
809159
809108
808433
808332
808192
808185
808174
808158
808097
808044
807932
807780
807749
807742
807702
807692
807370
80730
807021
806568
806520
806139
805982
805774
805745
805707
805703
805695
805580
805503
805480
805383
805329
805190
804875
804788
804787
804786
804760
804759
804702
804586
804568
804566
804412
804410
804111
804100
804097
804011
803944
803867
803854
803678
803670
803272
803155
803028
80291
802279
802245
802193
801571
80157
801467
801345
801293
801237
800998
800845
800599
800541
800483
800402
800234
800032
799949
799941
799924
799724
799651
799616
799439
799438
799265
799185
799182
799136
799064
799056
799038
798974
798933
798927
798792
798706
798657
798569
798560
798476
798431
798121
798112
798096
797965
797891
797298
797175
797009
796969
796957
796832
796824
796767
796718
796709
796607
796557
796480
796386
796300
796290
796107
795701
795661
795638
795528
795430
795330
795228
795221
794982
79487
794695
794688
794631
794234
794085
793845
793833
79377
793696
793494
793450
793035
792977
792900
792812
792679
792620
792433
792258
792163
792144
792120
792096
791959
791806
79180
791798
791786
791659
791653
791592
791483
791368
791003
790958
790860
790451
789959
789954
789948
789882
789834
789784
789613
789587
789354
789250
789242
789189
789119
788901
788768
788701
788586
788068
788034
787878
787414
787350
787335
787218
786848
786778
786700
786686
786576
786302
786219
786186
786157
786067
786028
786013
784944
7849
784738
784600
784462
78427
784018
783925
783376
783310
783298
782993
782948
782935
782848
782836
782515
782470
782064
781985
781763
781698
781643
781399
780919
780907
780656
780542
780521
780417
780146
780104
780049
780019
779991
77977
779591
779142
778742
778699
778688
778599
778268
777923
777741
777599
777570
777327
777318
777271
777087
776974
776656
776641
776613
776359
776187
775982
775707
775685
775681
775653
775613
775566
775527
775317
775152
775124
774862
774842
774745
774595
774562
774425
774401
774172
774150
774042
773930
773893
773855
773684
773678
773538
773513
773475
773131
773026
772985
772984
772893
772848
772696
772679
772534
772509
772497
772321
772273
771882
771742
771703
771698
771643
771410
771325
771310
771067
770865
770750
770568
770562
770439
770386
770351
770312
769990
769923
769614
769446
769028
768949
768912
768495
768297
768203
768174
768110
768073
767898
767713
76771
767674
767330
767274
766983
766816
766715
766379
766276
766275
766253
766246
766211
765913
765805
765780
765485
765479
765470
765371
765161
764758
764750
764660
764659
764561
764455
764330
764087
763998
763853
763844
763812
763792
763581
763206
763181
763170
762945
762844
762819
762746
762721
762583
761960
761527
761272
761244
760927
760807
760738
760610
760500
760492
760458
760265
759916
759841
759431
759301
759231
759221
759210
758781
758523
758323
758138
758130
758065
757946
757815
757703
757641
756882
756880
756814
756654
75627
755891
755841
755334
755271
755256
754824
754760
754613
754424
754145
754130
754105
753645
753598
753596
753559
75347
753267
75320
753006
752376
752353
752168
752130
752074
752002
751919
751818
751732
751440
751379
751346
750552
750410
750239
749424
749147
74871
748651
748544
748415
74831
747989
747987
747974
747907
747847
747846
747632
747469
747468
747457
747439
747360
747274
747238
747043
7469
746517
746515
746067
745981
745825
745385
744658
744626
74421
744109
743276
743126
74301
742685
742563
741791
741215
740956
740730
740722
740615
740556
740429
740383
740221
740176
740166
740138
740115
740055
739932
739815
739663
739533
739314
738634
738401
738319
738186
738148
738131
737722
737648
737388
737278
737201
736882
736702
736633
736434
736375
73609
735883
735830
735752
7357
735613
735539
735228
734878
734791
734762
734667
733859
733715
733693
733684
733499
733103
733056
732999
732927
732729
732224
732158
731999
731985
731979
731978
731977
731967
731959
731958
731957
731954
731825
731559
731558
731557
731555
731550
731549
731547
731545
731517
731501
731482
731476
731474
731461
731451
731449
731448
731446
731441
731440
731439
731438
731436
731431
731429
731426
731421
731419
731418
731416
731406
731401
731400
731399
731398
731391
731378
731376
731360
731047
730191
730066
729790
729768
729295
729099
728936
728916
728887
728493
728290
728185
728175
728032
728030
728013
727774
727741
727156
726855
726614
726467
726439
726338
726142
725975
725448
725420
725365
724968
724912
724903
724720
724501
724427
724365
723959
723933
723175
723100
722987
722887
722821
721692
721407
720246
719303
719246
718928
718715
718676
718484
718432
718210
718140
717905
717743
717740
717379
717344
71719
71717
716810
716728
716645
716546
716407
716218
716044
715963
715814
715792
715756
715645
71509
714970
714847
714720
714628
714578
714307
714196
713987
713854
713740
713693
713597
71357
713545
713265
713152
712615
712497
712380
712332
712264
712093
711888
711791
71179
711789
711515
711290
711021
710911
710786
710642
710442
710239
710097
710070
710028
709732
709491
709348
709342
709327
709181
708957
708819
708801
708395
708319
708237
707852
707822
707595
707491
707472
707364
707071
707019
706581
706552
70641
706276
706173
705367
705046
705029
704820
704720
704600
704132
703699
70347
702785
702761
702572
702424
702411
702199
702126
702041
701451
701270
70070
70069
700383
700377
700058
699539
699050
698940
698693
698660
69811
69810
697829
697615
697486
697334
697310
697087
697015
696806
69640
696362
695447
695155
695125
694887
694877
694754
694537
694332
694139
693974
693661
693633
693366
693265
692900
692652
692219
692032
6919
691897
691719
691262
691159
690799
690669
690520
690501
690380
690334
689802
689559
689551
689520
68897
688558
68780
687676
687494
686927
686778
686678
686563
686435
686226
685851
68479
684633
684625
684422
684011
683798
683729
683037
682834
682372
682335
682214
682092
682010
681833
681583
681511
681438
68120
681161
681083
680981
680970
680802
680409
680174
680154
680147
680138
679694
679610
679390
679344
679245
679112
678941
678920
678206
677867
677738
677518
677446
677322
676882
676814
676748
676634
676601
676422
676414
676387
676124
676034
67587
675766
675549
675474
675399
674959
674723
674663
674370
674274
673929
673825
672745
672518
671777
671684
671621
671592
671161
671084
671005
670855
670749
6707
670452
670383
670166
669870
669800
669327
66931
669254
669207
669188
669086
668969
668951
668724
6687
668680
668497
668250
668164
667952
667892
667811
667803
667586
667494
666991
666810
666809
666726
666264
666216
665688
665382
665367
665243
665050
664934
664924
664887
664809
664791
664510
664490
664333
664193
663990
663887
663823
663587
663476
663309
663278
663271
663248
663066
662822
662769
662767
662416
662264
662130
662047
661753
661660
661357
660379
660216
660126
659971
659970
659945
659885
659726
659596
659271
659270
659183
659074
658575
658573
658558
658499
658479
658074
658073
657748
657232
657202
656649
656555
656066
655638
655622
655613
655240
655214
655201
654854
654440
654268
654265
654151
654049
653979
653915
653749
653723
653656
653479
653172
652792
652550
652505
652409
652250
651910
651411
651172
651076
651058
650963
650781
650569
650433
650417
650170
649988
649811
649700
649492
649304
649068
648728
648648
648553
64851
648508
648495
648358
648274
648117
647969
647487
647465
647024
647006
646874
646837
646654
646638
646567
646370
646223
646176
646101
645840
645692
645389
645150
645148
645000
644985
644705
644704
644702
644663
644635
644518
644367
644225
644162
644133
644106
643948
643724
643659
643345
642993
642984
642817
642576
642528
642490
642461
642375
642373
642184
642103
641751
641508
640844
640762
640571
640502
640435
640177
639940
639728
639451
639432
639410
639227
639208
639009
638917
638849
638835
638295
638088
637904
637508
637351
637236
637228
637219
637027
637001
636696
636585
636479
635770
635630
635602
635319
635255
635203
634273
634123
634092
634091
634010
633885
633761
633696
633338
633306
633032
633007
632873
632778
632735
632709
632330
632320
632190
632009
631937
631689
631479
631384
631094
631014
631004
630955
630883
630636
630498
630065
629923
629866
629773
629689
629554
629512
629336
628920
628890
628304
628222
627488
627451
627390
627282
626869
626831
626736
626650
626153
626093
626082
625805
625749
625475
625406
625404
625274
625237
624894
624608
62460
624534
624514
624462
624411
624318
624178
623929
623876
623682
623437
623155
622802
622634
622420
622368
622315
622129
622033
621945
620979
620513
620327
620284
620260
620098
620005
619593
619560
619379
619219
619173
619006
619
618754
618507
618474
618444
618333
618278
618127
618037
618016
617963
617887
617882
61759
617577
617495
617436
617225
617109
617
616946
616907
616671
616603
61629
616105
616040
616031
616018
615873
615871
615851
615602
615526
615267
615155
615094
614856
614758
614305
614115
613949
613747
613326
613198
612862
612727
612595
612508
612066
610985
610931
610784
610333
610037
609073
609018
608697
608669
608535
608475
607939
607871
607844
607768
607566
607543
607439
607384
607283
606938
606898
606868
606766
606743
606662
606285
606181
606082
605501
604742
604740
604510
604351
604324
604299
604288
603852
603794
603790
603559
603428
602790
602666
602625
60231
602295
602273
602110
601990
601762
601706
601514
601483
601332
601260
601166
600411
600395
600377
600271
599931
599832
599691
599512
599412
599335
599297
599142
599056
598925
598914
598314
598021
597878
597053
597034
596832
596786
596721
596145
595816
595727
595404
595332
595327
595259
595239
594632
594456
594434
59429
594194
593998
593874
593759
593679
593606
593097
59299
591973
591394
591029
590975
590832
590650
590341
590202
590095
589943
589808
58977
589700
589494
589237
589213
588959
588679
588390
588309
588050
587857
587822
587709
587537
587461
58740
58731
587282
587227
587099
587
586889
586820
586172
586162
585741
585462
585230
585149
584939
584692
584429
584370
584367
584329
584077
583791
583732
583452
583171
582981
582972
582967
582921
582702
582631
582542
582312
582211
582192
582080
582051
581960
581957
581740
581577
581302
581121
579801
579519
579492
579172
579132
578811
578800
578747
578191
578049
578029
577972
577792
57760
577431
577342
5771
577011
576867
576022
5759
575622
575080
574802
574479
574272
573857
573332
573131
572590
572589
572537
571657
571637
571480
571479
571420
571402
571367
571321
571302
571297
571180
571102
571079
570907
570820
570750
570561
570430
569939
569869
569689
569420
569367
569227
569060
568639
568161
567962
567872
567809
567377
567317
567301
566529
565879
565760
565347
565330
565132
565020
564672
564479
564172
564052
563492
563359
563309
561849
561820
561747
56150
561497
561432
561052
560892
560827
560642
559412
559292
559232
55920
558191
557789
557529
557041
556840
556780
556771
55660
556531
556107
555390
555027
55421
554172
554129
554099
554022
553699
553682
553459
552507
552310
551750
551662
551217
551000
55071
550570
550559
550487
550282
550047
550017
549692
54969
549311
549260
548832
54880
548001
547942
547872
547201
547112
54699
545862
545162
545147
544690
544652
544330
543997
543909
543689
543537
543229
543161
542649
542589
542232
542162
541551
541550
541511
541440
541121
540949
540932
540531
539897
539750
539689
539607
538590
538497
537620
537417
537382
536701
536620
536162
535750
535700
535347
535181
535081
534947
534397
534122
534071
533472
533130
533067
532937
532881
532770
532647
532509
53249
532010
531727
530941
530847
530762
530740
530707
530702
530342
530242
530197
53001
529757
529680
529669
529547
529117
52909
529012
528370
527987
527947
527582
527557
527452
527437
527190
527189
527062
526779
526747
526191
525697
525591
525330
525207
52519
524780
524669
524500
52411
523969
523899
523677
52357
523517
523491
523009
522882
522692
522661
522612
522131
522100
521730
521472
521009
520982
520952
520687
520519
520101
519962
519642
518789
517910
517909
517837
517702
517659
517642
517509
517339
517192
51680
516700
516567
516417
516072
5160
515997
515502
514891
514712
514579
514397
514102
513821
513797
513677
513471
513387
513280
5131
513059
512827
512607
512459
512182
512177
511127
510979
510802
510562
510549
510300
510162
510002
509982
5099
509582
509569
509010
508979
508839
508802
508777
508730
508717
508652
508587
508530
508377
508270
507787
507767
507717
507590
507309
506677
506540
506467
505910
505707
505341
505322
505082
504882
504630
504629
504619
504599
504347
504072
504027
503217
503112
503042
503039
503037
503022
503009
502849
50250
502287
502247
502032
501720
501232
500922
500911
500721
500567
500401
500219
500109
499822
499620
499517
499507
499439
499199
499189
499040
498612
497999
497992
497950
497900
497757
497751
497682
497302
49721
496972
496761
496567
496287
496282
496267
496247
49617
496092
496017
495991
495547
495109
494961
493802
493531
493489
493391
493379
492981
492902
492791
492582
492471
492407
492137
491897
491852
491847
491742
491660
491387
491310
491062
491039
490980
490772
490492
490359
490309
490241
490087
489760
489351
489231
489207
487929
48789
487812
487717
487482
487411
487050
486890
486571
486512
486107
486052
486051
485900
485482
485392
485309
484822
484802
484767
484401
484387
484250
484207
484130
483962
48389
483147
483101
482671
482169
481707
481620
481282
481240
481202
481129
480802
480361
4801
480037
479989
479679
479400
479341
479172
479097
479089
478302
478279
478251
478171
477680
477652
477252
476592
476530
476231
476022
476009
475871
475597
475027
474921
474727
474637
474510
474180
473862
473850
473811
47381
473781
473411
473220
473000
472900
472771
472751
472631
472457
472149
472147
472139
472011
471659
471630
471619
471617
471330
471322
471281
471229
471
470777
47069
470670
470669
470440
470250
470180
470091
469721
469720
469701
469700
469612
469157
469049
468937
468931
468861
468770
468711
468661
468550
468519
468311
468240
468229
468201
468179
468167
468112
467989
467870
467767
467701
467601
467569
467287
466879
466871
466790
466662
466321
466141
466129
466039
465759
465747
465742
465739
465640
465351
465270
465231
465221
465087
464910
464749
464729
464501
464389
464220
464151
464101
464009
463720
463679
463579
462949
462819
462761
462352
462282
462192
461711
461620
461582
461481
461197
461127
461100
460867
460751
460669
460621
460409
460379
459877
459840
459672
459429
459250
459220
459180
459171
459161
459160
459150
458970
458929
458312
458279
4579
457897
457880
457480
457450
457339
457172
457012
456902
4569
456807
456602
45659
456540
456532
456182
456162
456130
456081
456080
455981
455939
455857
455699
455650
455647
455642
455609
455521
455199
455167
455130
455080
454980
454940
454622
454590
454502
454159
453829
453491
453279
453241
453190
453111
452952
452947
452589
452141
452089
452021
452020
451670
451522
451501
451412
451401
451277
451120
450939
45091
450897
450699
450690
450682
450647
450617
450437
450389
450281
450220
450210
449882
44971
449610
449569
449409
449291
449079
449031
448939
448839
448670
448601
44850
448340
448271
448042
447927
447860
447821
447692
447639
447607
447381
447370
447239
447191
447091
447090
44689
446870
446800
446751
446582
446459
446431
446417
446380
446172
446091
446032
445830
445729
445660
445550
445512
445431
445410
445359
445340
445172
444927
444762
444531
444232
444151
444089
443660
443542
443250
442777
442752
442709
442517
442432
442431
442409
442252
442247
442239
442111
441989
441877
441780
441751
441690
441671
441229
441221
440759
440547
440440
44041
440271
440210
440209
440207
440180
440091
439910
439689
439679
439677
439670
439560
439457
439389
439240
439150
439147
439110
439109
439107
439011
438857
438730
438592
438510
438492
438469
438217
438109
438070
437960
437677
437662
437651
437637
437577
437562
437560
437530
437502
437489
437399
437352
437300
437281
437280
437277
437267
437111
437109
437050
437047
437032
437029
437021
437010
436770
436747
436709
436701
436699
436690
436687
436631
436620
436617
436611
436601
436581
436502
436499
436260
436250
436189
436111
4360
435880
435567
435291
43520
435162
435137
435010
434790
434650
434447
434391
434390
434312
434121
434092
434051
433977
433860
433857
433847
43381
433741
433371
433307
433290
433287
433260
433249
433239
433232
433170
432991
432960
432852
432807
432592
432321
432309
432290
432237
432209
431867
431789
431612
431611
431601
431599
431519
431467
431160
431012
430961
430920
430891
430871
430659
430631
430621
430531
430289
429972
429942
429719
429419
429399
429310
429209
429139
428949
428902
428772
428771
428769
428762
428760
428759
428750
428737
428732
428719
428707
428561
428211
428209
428132
428131
428127
427672
427629
427537
427401
427351
427350
427349
427347
427342
427341
427299
427272
427249
426969
426897
426770
426762
426750
426732
426722
426630
426489
426481
426480
426310
426190
426181
426127
425952
425670
425660
425651
425582
425581
425469
425401
425229
425187
425171
425151
4251
425040
424981
424931
424301
424291
424159
423899
423809
423761
423709
42360
423337
423300
423202
423177
423079
423071
422861
422852
422842
422839
422832
422831
422830
422829
422819
422787
422781
422777
422770
422662
422661
422659
422657
422651
422650
422649
422647
422637
422607
422601
422532
422530
422492
422452
422429
422389
422377
422370
422300
422097
421691
421562
421541
421540
421521
421459
421449
421332
421220
421137
421090
421081
421080
420991
420859
420821
420819
420669
420311
420201
420120
420072
419817
419807
419631
419630
419387
419320
419307
419261
419252
419240
419220
419211
419167
419162
419159
419157
419089
419060
419052
419031
418967
418881
41887
418822
418701
418671
418582
418402
418297
418199
418141
418021
417987
417889
417841
417791
417782
417721
417700
417640
41760
417281
417279
417257
417200
417000
416760
416530
416417
416319
415590
415407
415219
414721
414400
414310
414267
414140
414109
414089
41360
413447
413240
413141
413121
412897
412771
412757
412479
412440
412331
412169
411167
411021
410940
410560
410541
410357
410137
410080
409797
409241
408839
408549
408440
408059
407971
407950
407399
407149
407070
406871
406470
405799
405530
405009
404869
404511
404321
404300
40407
403981
403719
402957
402339
402337
402207
402051
401439
401351
401331
400849
400837
400769
399990
399731
399227
399150
399099
398971
39887
398821
398130
397980
397679
39767
397259
397161
397057
396769
396687
396447
396400
396037
395981
395461
395151
394821
393829
393401
392989
392720
392719
392481
392409
392309
392077
392071
391957
391929
391840
391730
391570
391470
391391
391087
391001
390837
390749
390601
390419
390267
39017
38967
389511
389327
389317
389227
389159
388757
388490
387861
387860
387857
387850
387839
387837
387827
387821
387820
387819
387817
387811
387809
387807
387801
387800
387797
387791
387790
387789
387787
387781
387780
387779
387777
387740
387259
387011
387010
386730
386729
386520
386501
386437
386420
385980
385619
385199
384970
384891
384609
384600
384420
383951
383941
383831
383779
383777
383639
382820
382667
382639
382601
382491
382337
382311
382257
382240
382239
382129
381840
381829
381827
381521
380939
380937
380670
380477
38037
380030
379807
379799
379667
379640
379267
378959
378881
378367
378021
377957
377911
377599
377581
377330
377237
376951
376847
376467
376409
376039
375810
375319
375297
375171
374927
374569
374557
374431
373780
373549
373489
373360
37320
373120
37309
372920
372561
372489
372411
372410
372159
372040
371267
370977
370849
370551
370460
369860
369849
36939
369129
369127
369009
3690
368979
368939
368721
368100
3679
367567
367339
366687
366591
366370
366109
365790
365389
365359
364830
364781
364390
364361
364247
364099
363851
363761
363247
362880
362779
362679
362337
362110
362099
361931
361160
361001
359837
359367
359199
358219
357771
357747
357669
357269
356847
356690
356680
355781
355720
355551
355541
354571
354449
3541
354059
353987
353570
353337
352851
352597
352527
352429
352181
352061
351911
351831
351720
351560
350791
350720
350377
350339
349919
349827
349337
349130
348581
348447
348360
347859
347771
347371
347129
346729
346359
346210
345507
344630
344410
344360
344337
344330
344299
344230
343799
343759
342541
342307
342301
341879
341787
341490
341031
340501
340360
340097
339927
339667
339549
339531
338979
338459
338437
338059
336631
336609
336531
336460
336441
336251
335837
335790
335317
335247
335180
335050
334897
334709
334661
334447
334291
334149
333609
333580
333487
333361
333207
333137
333029
333011
332997
332957
332411
331571
330937
330910
330861
330710
330660
330420
330340
329827
329757
329460
329379
329267
328700
328637
32757
327070
326899
326320
326080
326030
325309
325020
324367
32407
323521
323380
322937
322891
322707
322149
321331
321279
321241
319721
319429
319267
319117
318770
318751
317907
317819
317210
316499
31631
315891
315889
315851
3157
315470
315420
314899
314809
314700
314240
313939
313579
313141
313077
31267
312281
312011
311389
311380
311360
31060
310310
309787
308781
308741
308700
308680
30789
307571
307159
306730
306137
305749
305621
305431
305220
30519
305169
304911
304789
304560
298321
298231
297477
296509
295771
295767
295497
294947
294030
293660
293540
292700
291240
290979
290161
290150
28910
288747
288219
28699
285400
28419
28360
282117
281740
2809
280741
280679
2801
279641
279097
27797
2777
277211
277199
277129
276941
276329
275087
27487
274660
274041
273137
272540
272429
27127
270979
270667
270420
270261
270111
27011
270100
269827
269449
269351
266717
266407
26611
266041
265221
264971
264951
264859
264419
263981
263691
26339
263151
263047
262401
261689
261467
261317
26129
260690
260549
260070
258191
258087
25541
25497
252587
251711
250937
249427
249179
248941
248839
248720
248319
24770
247349
247057
245890
245727
245180
245120
244869
244430
244429
244260
244019
243940
243937
243820
242340
241737
240037
2400
239880
239699
238490
238237
238021
237931
237740
237371
237250
236180
236031
234711
234710
23440
233487
233437
233150
233129
232901
232449
232287
232040
231577
231560
230970
230601
230599
230570
229890
229679
22950
229419
229259
228869
22820
227231
227127
227110
227017
225789
225441
225200
224791
224587
224317
22371
223690
223639
223581
2220
221519
220189
220029
21357
21207
21141
20570
20439
2019
20117
197007
196411
19589
19360
189130
181080
180107
179551
17951
179181
178787
178761
178421
178417
177659
177311
176541
176330
176241
175751
174499
174280
174101
172827
1727
172221
172051
171951
171937
171911
171759
171639
170767
170591
170477
170190
1701
170097
169941
169470
168487
167811
167419
167109
167037
166827
166117
165931
16580
165460
165079
164470
164361
164009
163680
163249
163161
16279
161289
161077
161070
16059
160457
160450
160440
159910
15977
159690
159579
15780
156037
156019
155277
155000
154940
154129
154069
153139
152089
151901
151669
151501
151437
150737
149881
149730
149281
149139
148981
148897
148350
14821
146551
146341
145201
143799
143540
143429
142337
141961
141227
141159
140831
14030
140239
140000
139971
139800
139530
139521
139511
139420
138629
137910
137689
136610
136310
136119
135179
134940
134927
134799
134701
134200
133751
132890
132727
132630
131040
130810
130349
130260
130240
130067
129921
129669
129569
129109
128820
128170
128060
128057
127709
127579
127530
127397
125641
125590
125549
125400
125171
125170
124919
124479
124389
124331
124111
123901
123530
123481
123250
123029
122910
122760
122681
122337
122160
121407
121317
121207
121177
120837
120711
120470
120321
120009
120007
119747
119309
118970
118009
117879
117371
117021
116809
115561
115217
114660
113790
113181
113167
113041
112451
112427
112229
111630
111511
111280
111219
110961
110120
110119
110090
109610
108461
108340
108291
108179
108037
10801
10671
106647
106577
106217
10599
105067
104747
104579
104241
104161
104011
10401
1040
103980
10380
103751
103627
102867
102680
102557
102507
102297
101997
101847
101731
101639
101050
100989